camera_matrix:
- [2889.40385787908, 0.0, 1933.2313400515693]
- [0.0, 2892.7394100011243, 995.1633112479168]
- [0.0, 0.0, 1.0]
dist_coeff:
- [-0.35286120194228, 0.18437370862445726, -0.0004789914834981999, 0.0004068492423698677,
  -0.06862058062212108]
